5.000000e-02 7.085246e+14 5.000000e-02 1.693331e+15 5.000000e-02 3.239238e+15 5.000000e-02 1.751256e+16 5.000000e-02 -4.364749e+15 5.000000e-02 -1.707186e+15 5.000000e-02 -1.085590e+15 5.000000e-02 -8.854137e+14 5.000000e-02 -7.803283e+14 5.000000e-02 -5.734594e+14 
1.000000e-01 5.747279e+14 1.000000e-01 1.373549e+15 1.000000e-01 2.627466e+15 1.000000e-01 1.419539e+16 1.000000e-01 -3.542604e+15 1.000000e-01 -1.385074e+15 1.000000e-01 -8.798587e+14 1.000000e-01 -7.154834e+14 1.000000e-01 -6.239083e+14 1.000000e-01 -4.273109e+14 
1.500000e-01 4.467957e+14 1.500000e-01 1.067725e+15 1.500000e-01 2.042237e+15 1.500000e-01 1.099856e+16 1.500000e-01 -2.761879e+15 1.500000e-01 -1.078747e+15 1.500000e-01 -6.841058e+14 1.500000e-01 -5.537249e+14 1.500000e-01 -4.753315e+14 1.500000e-01 -3.016734e+14 
2.000000e-01 3.270337e+14 2.000000e-01 7.812662e+14 2.000000e-01 1.493606e+15 2.000000e-01 7.935598e+15 2.000000e-01 -2.047111e+15 2.000000e-01 -7.971896e+14 2.000000e-01 -5.043558e+14 2.000000e-01 -4.060613e+14 2.000000e-01 -3.431718e+14 2.000000e-01 -2.055969e+14 
2.500000e-01 2.262316e+14 2.500000e-01 5.398713e+14 2.500000e-01 1.030508e+15 2.500000e-01 5.251042e+15 2.500000e-01 -1.475698e+15 2.500000e-01 -5.697443e+14 2.500000e-01 -3.593548e+14 2.500000e-01 -2.881647e+14 2.500000e-01 -2.411435e+14 2.500000e-01 -1.282674e+14 
3.000000e-01 1.530119e+14 3.000000e-01 3.645209e+14 3.000000e-01 6.941543e+14 3.000000e-01 3.346357e+15 3.000000e-01 -1.058552e+15 3.000000e-01 -4.030008e+14 3.000000e-01 -2.525479e+14 3.000000e-01 -2.004240e+14 3.000000e-01 -1.623890e+14 3.000000e-01 -7.749447e+13 
3.500000e-01 9.932815e+13 3.500000e-01 2.362104e+14 3.500000e-01 4.487806e+14 3.500000e-01 2.076659e+15 3.500000e-01 -7.175617e+14 3.500000e-01 -2.693284e+14 3.500000e-01 -1.671224e+14 3.500000e-01 -1.305617e+14 3.500000e-01 -1.028587e+14 3.500000e-01 -5.952375e+13 
4.000000e-01 6.113617e+13 4.000000e-01 1.446709e+14 4.000000e-01 2.729549e+14 4.000000e-01 1.092145e+15 4.000000e-01 -5.514385e+14 4.000000e-01 -1.957733e+14 4.000000e-01 -1.200039e+14 4.000000e-01 -9.374352e+13 4.000000e-01 -7.694538e+13 4.000000e-01 -5.941424e+13 
4.500000e-01 4.070274e+13 4.500000e-01 9.556024e+13 4.500000e-01 1.782455e+14 4.500000e-01 5.764476e+14 4.500000e-01 -6.836234e+14 4.500000e-01 -1.990370e+14 4.500000e-01 -1.183569e+14 4.500000e-01 -9.218420e+13 4.500000e-01 -7.808266e+13 4.500000e-01 -6.313797e+13 
5.000000e-01 3.107127e+13 5.000000e-01 7.250997e+13 5.000000e-01 1.340693e+14 5.000000e-01 3.789122e+14 5.000000e-01 -1.590879e+15 5.000000e-01 -2.582835e+14 5.000000e-01 -1.440957e+14 5.000000e-01 -1.088586e+14 5.000000e-01 -8.904664e+13 5.000000e-01 -6.559930e+13 
5.500000e-01 2.549695e+13 5.500000e-01 5.929549e+13 5.500000e-01 1.090733e+14 5.500000e-01 2.881402e+14 5.500000e-01 8.679503e+15 5.500000e-01 -3.491142e+14 5.500000e-01 -1.775010e+14 5.500000e-01 -1.283357e+14 5.500000e-01 -9.932048e+13 5.500000e-01 -6.645010e+13 
6.000000e-01 2.144569e+13 6.000000e-01 4.977629e+13 6.000000e-01 9.128117e+13 6.000000e-01 2.325464e+14 6.000000e-01 1.370087e+15 6.000000e-01 -4.633827e+14 6.000000e-01 -2.090084e+14 6.000000e-01 -1.443798e+14 6.000000e-01 -1.062773e+14 6.000000e-01 -6.634695e+13 
6.500000e-01 1.820593e+13 6.500000e-01 4.221175e+13 6.500000e-01 7.726029e+13 6.500000e-01 1.925791e+14 6.500000e-01 7.743648e+14 6.500000e-01 -6.130397e+14 6.500000e-01 -2.367803e+14 6.500000e-01 -1.563886e+14 6.500000e-01 -1.104746e+14 6.500000e-01 -6.580661e+13 
7.000000e-01 1.553850e+13 7.000000e-01 3.601125e+13 7.000000e-01 6.583413e+13 7.000000e-01 1.617772e+14 7.000000e-01 5.402696e+14 7.000000e-01 -8.386479e+14 7.000000e-01 -2.618810e+14 7.000000e-01 -1.653860e+14 7.000000e-01 -1.129131e+14 7.000000e-01 -6.510346e+13 
7.500000e-01 1.331448e+13 7.500000e-01 3.085861e+13 7.500000e-01 5.637943e+13 7.500000e-01 1.371995e+14 7.500000e-01 4.101533e+14 7.500000e-01 -1.264334e+15 7.500000e-01 -2.859026e+14 7.500000e-01 -1.724058e+14 7.500000e-01 -1.143132e+14 7.500000e-01 -6.436207e+13 
8.000000e-01 1.144189e+13 8.000000e-01 2.653122e+13 8.000000e-01 4.846515e+13 8.000000e-01 1.171418e+14 8.000000e-01 3.254213e+14 8.000000e-01 -2.511164e+15 8.000000e-01 -3.103653e+14 8.000000e-01 -1.781763e+14 8.000000e-01 -1.151027e+14 8.000000e-01 -6.363344e+13 
8.500000e-01 9.851247e+12 8.500000e-01 2.286261e+13 8.500000e-01 4.177313e+13 8.500000e-01 1.004958e+14 8.500000e-01 2.651028e+14 8.500000e-01 2.546935e+17 8.500000e-01 -3.367748e+14 8.500000e-01 -1.831759e+14 8.500000e-01 -1.155246e+14 8.500000e-01 -6.293594e+13 
9.000000e-01 8.490094e+12 9.000000e-01 1.972784e+13 9.000000e-01 3.606657e+13 9.000000e-01 8.650156e+13 9.000000e-01 2.196875e+14 9.000000e-01 2.331013e+15 9.000000e-01 -3.668733e+14 9.000000e-01 -1.877306e+14 9.000000e-01 -1.157203e+14 9.000000e-01 -6.227452e+13 
9.500000e-01 7.318671e+12 9.500000e-01 1.703270e+13 9.500000e-01 3.116794e+13 9.500000e-01 7.462038e+13 9.500000e-01 1.841781e+14 9.500000e-01 1.125496e+15 9.500000e-01 -4.030144e+14 9.500000e-01 -1.920823e+14 9.500000e-01 -1.157770e+14 9.500000e-01 -6.164899e+13 
1.000000e+00 6.306413e+12 1.000000e+00 1.470507e+13 1.000000e+00 2.694203e+13 1.000000e+00 6.445859e+13 1.000000e+00 1.556682e+14 1.000000e+00 7.176996e+14 1.000000e+00 -4.487923e+14 1.000000e+00 -1.964313e+14 1.000000e+00 -1.157523e+14 1.000000e+00 -6.105742e+13 
1.050000e+00 5.429330e+12 1.050000e+00 1.268858e+13 1.050000e+00 2.328361e+13 1.050000e+00 5.571996e+13 1.050000e+00 1.323352e+14 1.050000e+00 5.115943e+14 1.050000e+00 -5.103061e+14 1.050000e+00 -2.009608e+14 1.050000e+00 -1.156874e+14 1.050000e+00 -6.049751e+13 
1.100000e+00 4.668154e+12 1.100000e+00 1.093813e+13 1.100000e+00 2.010891e+13 1.100000e+00 4.817532e+13 1.100000e+00 1.129666e+14 1.100000e+00 3.869320e+14 1.100000e+00 -5.991286e+14 1.100000e+00 -2.058552e+14 1.100000e+00 -1.156138e+14 1.100000e+00 -5.996704e+13 
1.150000e+00 4.007079e+12 1.150000e+00 9.416917e+12 1.150000e+00 1.734984e+13 1.150000e+00 4.164300e+13 1.150000e+00 9.671671e+13 1.150000e+00 3.034148e+14 1.150000e+00 -7.406120e+14 1.150000e+00 -2.113152e+14 1.150000e+00 -1.155568e+14 1.150000e+00 -5.946402e+13 
1.200000e+00 3.432902e+12 1.200000e+00 8.094308e+12 1.200000e+00 1.495003e+13 1.200000e+00 3.597596e+13 1.200000e+00 8.297260e+13 1.200000e+00 2.436800e+14 1.200000e+00 -1.003662e+15 1.200000e+00 -2.175741e+14 1.200000e+00 -1.155380e+14 1.200000e+00 -5.898672e+13 
1.250000e+00 2.934435e+12 1.250000e+00 6.944469e+12 1.250000e+00 1.286214e+13 1.250000e+00 3.105314e+13 1.250000e+00 7.127537e+13 1.250000e+00 1.989925e+14 1.250000e+00 -1.666013e+15 1.250000e+00 -2.249199e+14 1.250000e+00 -1.155769e+14 1.250000e+00 -5.853366e+13 
1.300000e+00 2.502090e+12 1.300000e+00 5.945352e+12 1.300000e+00 1.104594e+13 1.300000e+00 2.677348e+13 1.300000e+00 6.127244e+13 1.300000e+00 1.644633e+14 1.300000e+00 -6.496198e+15 1.300000e+00 -2.337258e+14 1.300000e+00 -1.156920e+14 1.300000e+00 -5.810359e+13 
