0.000000e+00 0.000000e+00 0.000000e+00 0.000000e+00 
1.000000e-12 1.000000e-03 1.000000e-12 0.000000e+00 
2.000000e-12 2.000000e-03 2.000000e-12 0.000000e+00 
4.000000e-12 4.000000e-03 4.000000e-12 0.000000e+00 
8.000000e-12 8.000000e-03 8.000000e-12 0.000000e+00 
1.600000e-11 1.600000e-02 1.600000e-11 0.000000e+00 
3.200000e-11 3.200000e-02 3.200000e-11 0.000000e+00 
6.400000e-11 6.400000e-02 6.400000e-11 0.000000e+00 
1.000000e-10 1.000000e-01 1.000000e-10 0.000000e+00 
1.064000e-10 1.000000e-01 1.064000e-10 0.000000e+00 
1.192000e-10 1.000000e-01 1.192000e-10 0.000000e+00 
1.448000e-10 1.000000e-01 1.448000e-10 0.000000e+00 
1.960000e-10 1.000000e-01 1.960000e-10 0.000000e+00 
2.960000e-10 1.000000e-01 2.960000e-10 0.000000e+00 
3.960000e-10 1.000000e-01 3.960000e-10 0.000000e+00 
4.960000e-10 1.000000e-01 4.960000e-10 0.000000e+00 
5.960000e-10 1.000000e-01 5.960000e-10 0.000000e+00 
6.960000e-10 1.000000e-01 6.960000e-10 0.000000e+00 
7.960000e-10 1.000000e-01 7.960000e-10 0.000000e+00 
8.960000e-10 1.000000e-01 8.960000e-10 0.000000e+00 
9.960000e-10 1.000000e-01 9.960000e-10 0.000000e+00 
1.096000e-09 1.000000e-01 1.096000e-09 0.000000e+00 
1.196000e-09 1.000000e-01 1.196000e-09 0.000000e+00 
1.296000e-09 1.000000e-01 1.296000e-09 0.000000e+00 
1.396000e-09 1.000000e-01 1.396000e-09 0.000000e+00 
1.496000e-09 1.000000e-01 1.496000e-09 0.000000e+00 
1.596000e-09 1.000000e-01 1.596000e-09 0.000000e+00 
1.696000e-09 1.000000e-01 1.696000e-09 0.000000e+00 
1.796000e-09 1.000000e-01 1.796000e-09 0.000000e+00 
1.896000e-09 1.000000e-01 1.896000e-09 0.000000e+00 
1.996000e-09 1.000000e-01 1.996000e-09 0.000000e+00 
2.096000e-09 1.000000e-01 2.096000e-09 1.920000e-01 
2.196000e-09 1.000000e-01 2.196000e-09 2.000000e-01 
2.296000e-09 1.000000e-01 2.296000e-09 2.000000e-01 
2.396000e-09 1.000000e-01 2.396000e-09 2.000000e-01 
2.496000e-09 1.000000e-01 2.496000e-09 2.000000e-01 
2.596000e-09 1.000000e-01 2.596000e-09 2.000000e-01 
2.696000e-09 1.000000e-01 2.696000e-09 2.000000e-01 
2.796000e-09 1.000000e-01 2.796000e-09 2.000000e-01 
2.896000e-09 1.000000e-01 2.896000e-09 2.000000e-01 
2.996000e-09 1.000000e-01 2.996000e-09 2.000000e-01 
3.096000e-09 1.000000e-01 3.096000e-09 2.000000e-01 
3.196000e-09 1.000000e-01 3.196000e-09 2.000000e-01 
3.296000e-09 1.000000e-01 3.296000e-09 2.000000e-01 
3.396000e-09 1.000000e-01 3.396000e-09 2.000000e-01 
3.496000e-09 1.000000e-01 3.496000e-09 2.000000e-01 
3.596000e-09 1.000000e-01 3.596000e-09 2.000000e-01 
3.696000e-09 1.000000e-01 3.696000e-09 2.000000e-01 
3.796000e-09 1.000000e-01 3.796000e-09 2.000000e-01 
3.896000e-09 1.000000e-01 3.896000e-09 2.000000e-01 
3.996000e-09 1.000000e-01 3.996000e-09 2.000000e-01 
4.096000e-09 2.728000e-01 4.096000e-09 2.000000e-01 
4.196000e-09 2.800000e-01 4.196000e-09 2.000000e-01 
4.296000e-09 2.800000e-01 4.296000e-09 2.000000e-01 
4.396000e-09 2.800000e-01 4.396000e-09 2.000000e-01 
4.496000e-09 2.800000e-01 4.496000e-09 2.000000e-01 
4.596000e-09 2.800000e-01 4.596000e-09 2.000000e-01 
4.696000e-09 2.800000e-01 4.696000e-09 2.000000e-01 
4.796000e-09 2.800000e-01 4.796000e-09 2.000000e-01 
4.896000e-09 2.800000e-01 4.896000e-09 2.000000e-01 
4.996000e-09 2.800000e-01 4.996000e-09 2.000000e-01 
5.096000e-09 2.800000e-01 5.096000e-09 2.000000e-01 
5.196000e-09 2.800000e-01 5.196000e-09 2.000000e-01 
5.296000e-09 2.800000e-01 5.296000e-09 2.000000e-01 
5.396000e-09 2.800000e-01 5.396000e-09 2.000000e-01 
5.496000e-09 2.800000e-01 5.496000e-09 2.000000e-01 
5.596000e-09 2.800000e-01 5.596000e-09 2.000000e-01 
5.696000e-09 2.800000e-01 5.696000e-09 2.000000e-01 
5.796000e-09 2.800000e-01 5.796000e-09 2.000000e-01 
5.896000e-09 2.800000e-01 5.896000e-09 2.000000e-01 
5.996000e-09 2.800000e-01 5.996000e-09 2.000000e-01 
6.096000e-09 2.800000e-01 6.096000e-09 3.536000e-01 
6.196000e-09 2.800000e-01 6.196000e-09 3.600000e-01 
6.296000e-09 2.800000e-01 6.296000e-09 3.600000e-01 
6.396000e-09 2.800000e-01 6.396000e-09 3.600000e-01 
6.496000e-09 2.800000e-01 6.496000e-09 3.600000e-01 
6.596000e-09 2.800000e-01 6.596000e-09 3.600000e-01 
6.696000e-09 2.800000e-01 6.696000e-09 3.600000e-01 
6.796000e-09 2.800000e-01 6.796000e-09 3.600000e-01 
6.896000e-09 2.800000e-01 6.896000e-09 3.600000e-01 
6.996000e-09 2.800000e-01 6.996000e-09 3.600000e-01 
7.096000e-09 2.800000e-01 7.096000e-09 3.600000e-01 
7.196000e-09 2.800000e-01 7.196000e-09 3.600000e-01 
7.296000e-09 2.800000e-01 7.296000e-09 3.600000e-01 
7.396000e-09 2.800000e-01 7.396000e-09 3.600000e-01 
7.496000e-09 2.800000e-01 7.496000e-09 3.600000e-01 
7.596000e-09 2.800000e-01 7.596000e-09 3.600000e-01 
7.696000e-09 2.800000e-01 7.696000e-09 3.600000e-01 
7.796000e-09 2.800000e-01 7.796000e-09 3.600000e-01 
7.896000e-09 2.800000e-01 7.896000e-09 3.600000e-01 
7.996000e-09 2.800000e-01 7.996000e-09 3.600000e-01 
8.096000e-09 4.182400e-01 8.096000e-09 3.600000e-01 
8.196000e-09 4.240000e-01 8.196000e-09 3.600000e-01 
8.296000e-09 4.240000e-01 8.296000e-09 3.600000e-01 
8.396000e-09 4.240000e-01 8.396000e-09 3.600000e-01 
8.496000e-09 4.240000e-01 8.496000e-09 3.600000e-01 
8.596000e-09 4.240000e-01 8.596000e-09 3.600000e-01 
8.696000e-09 4.240000e-01 8.696000e-09 3.600000e-01 
8.796000e-09 4.240000e-01 8.796000e-09 3.600000e-01 
8.896000e-09 4.240000e-01 8.896000e-09 3.600000e-01 
8.996000e-09 4.240000e-01 8.996000e-09 3.600000e-01 
9.096000e-09 4.240000e-01 9.096000e-09 3.600000e-01 
9.196000e-09 4.240000e-01 9.196000e-09 3.600000e-01 
9.296000e-09 4.240000e-01 9.296000e-09 3.600000e-01 
9.396000e-09 4.240000e-01 9.396000e-09 3.600000e-01 
9.496000e-09 4.240000e-01 9.496000e-09 3.600000e-01 
9.596000e-09 4.240000e-01 9.596000e-09 3.600000e-01 
9.696000e-09 4.240000e-01 9.696000e-09 3.600000e-01 
9.796000e-09 4.240000e-01 9.796000e-09 3.600000e-01 
9.896000e-09 4.240000e-01 9.896000e-09 3.600000e-01 
9.996000e-09 4.240000e-01 9.996000e-09 3.600000e-01 
1.009600e-08 4.240000e-01 1.009600e-08 4.828800e-01 
1.019600e-08 4.240000e-01 1.019600e-08 4.880000e-01 
1.029600e-08 4.240000e-01 1.029600e-08 4.880000e-01 
1.039600e-08 4.240000e-01 1.039600e-08 4.880000e-01 
1.049600e-08 4.240000e-01 1.049600e-08 4.880000e-01 
1.059600e-08 4.240000e-01 1.059600e-08 4.880000e-01 
1.069600e-08 4.240000e-01 1.069600e-08 4.880000e-01 
1.079600e-08 4.240000e-01 1.079600e-08 4.880000e-01 
1.089600e-08 4.240000e-01 1.089600e-08 4.880000e-01 
1.099600e-08 4.240000e-01 1.099600e-08 4.880000e-01 
1.109600e-08 4.240000e-01 1.109600e-08 4.880000e-01 
1.119600e-08 4.240000e-01 1.119600e-08 4.880000e-01 
1.129600e-08 4.240000e-01 1.129600e-08 4.880000e-01 
1.139600e-08 4.240000e-01 1.139600e-08 4.880000e-01 
1.149600e-08 4.240000e-01 1.149600e-08 4.880000e-01 
1.159600e-08 4.240000e-01 1.159600e-08 4.880000e-01 
1.169600e-08 4.240000e-01 1.169600e-08 4.880000e-01 
1.179600e-08 4.240000e-01 1.179600e-08 4.880000e-01 
1.189600e-08 4.240000e-01 1.189600e-08 4.880000e-01 
1.199600e-08 4.240000e-01 1.199600e-08 4.880000e-01 
1.209600e-08 5.345920e-01 1.209600e-08 4.880000e-01 
1.219600e-08 5.392000e-01 1.219600e-08 4.880000e-01 
1.229600e-08 5.392000e-01 1.229600e-08 4.880000e-01 
1.239600e-08 5.392000e-01 1.239600e-08 4.880000e-01 
1.249600e-08 5.392000e-01 1.249600e-08 4.880000e-01 
1.259600e-08 5.392000e-01 1.259600e-08 4.880000e-01 
1.269600e-08 5.392000e-01 1.269600e-08 4.880000e-01 
1.279600e-08 5.392000e-01 1.279600e-08 4.880000e-01 
1.289600e-08 5.392000e-01 1.289600e-08 4.880000e-01 
1.299600e-08 5.392000e-01 1.299600e-08 4.880000e-01 
1.309600e-08 5.392000e-01 1.309600e-08 4.880000e-01 
1.319600e-08 5.392000e-01 1.319600e-08 4.880000e-01 
1.329600e-08 5.392000e-01 1.329600e-08 4.880000e-01 
1.339600e-08 5.392000e-01 1.339600e-08 4.880000e-01 
1.349600e-08 5.392000e-01 1.349600e-08 4.880000e-01 
1.359600e-08 5.392000e-01 1.359600e-08 4.880000e-01 
1.369600e-08 5.392000e-01 1.369600e-08 4.880000e-01 
1.379600e-08 5.392000e-01 1.379600e-08 4.880000e-01 
1.389600e-08 5.392000e-01 1.389600e-08 4.880000e-01 
1.399600e-08 5.392000e-01 1.399600e-08 4.880000e-01 
1.409600e-08 5.392000e-01 1.409600e-08 5.863040e-01 
1.419600e-08 5.392000e-01 1.419600e-08 5.904000e-01 
1.429600e-08 5.392000e-01 1.429600e-08 5.904000e-01 
1.439600e-08 5.392000e-01 1.439600e-08 5.904000e-01 
1.449600e-08 5.392000e-01 1.449600e-08 5.904000e-01 
1.459600e-08 5.392000e-01 1.459600e-08 5.904000e-01 
1.469600e-08 5.392000e-01 1.469600e-08 5.904000e-01 
1.479600e-08 5.392000e-01 1.479600e-08 5.904000e-01 
1.489600e-08 5.392000e-01 1.489600e-08 5.904000e-01 
1.499600e-08 5.392000e-01 1.499600e-08 5.904000e-01 
1.509600e-08 5.392000e-01 1.509600e-08 5.904000e-01 
1.519600e-08 5.392000e-01 1.519600e-08 5.904000e-01 
1.529600e-08 5.392000e-01 1.529600e-08 5.904000e-01 
1.539600e-08 5.392000e-01 1.539600e-08 5.904000e-01 
1.549600e-08 5.392000e-01 1.549600e-08 5.904000e-01 
1.559600e-08 5.392000e-01 1.559600e-08 5.904000e-01 
1.569600e-08 5.392000e-01 1.569600e-08 5.904000e-01 
1.579600e-08 5.392000e-01 1.579600e-08 5.904000e-01 
1.589600e-08 5.392000e-01 1.589600e-08 5.904000e-01 
1.599600e-08 5.392000e-01 1.599600e-08 5.904000e-01 
1.609600e-08 6.276736e-01 1.609600e-08 5.904000e-01 
1.619600e-08 6.313600e-01 1.619600e-08 5.904000e-01 
1.629600e-08 6.313600e-01 1.629600e-08 5.904000e-01 
1.639600e-08 6.313600e-01 1.639600e-08 5.904000e-01 
1.649600e-08 6.313600e-01 1.649600e-08 5.904000e-01 
1.659600e-08 6.313600e-01 1.659600e-08 5.904000e-01 
1.669600e-08 6.313600e-01 1.669600e-08 5.904000e-01 
1.679600e-08 6.313600e-01 1.679600e-08 5.904000e-01 
1.689600e-08 6.313600e-01 1.689600e-08 5.904000e-01 
1.699600e-08 6.313600e-01 1.699600e-08 5.904000e-01 
1.709600e-08 6.313600e-01 1.709600e-08 5.904000e-01 
1.719600e-08 6.313600e-01 1.719600e-08 5.904000e-01 
1.729600e-08 6.313600e-01 1.729600e-08 5.904000e-01 
1.739600e-08 6.313600e-01 1.739600e-08 5.904000e-01 
1.749600e-08 6.313600e-01 1.749600e-08 5.904000e-01 
1.759600e-08 6.313600e-01 1.759600e-08 5.904000e-01 
1.769600e-08 6.313600e-01 1.769600e-08 5.904000e-01 
1.779600e-08 6.313600e-01 1.779600e-08 5.904000e-01 
1.789600e-08 6.313600e-01 1.789600e-08 5.904000e-01 
1.799600e-08 6.313600e-01 1.799600e-08 5.904000e-01 
1.809600e-08 6.313600e-01 1.809600e-08 6.690432e-01 
1.819600e-08 6.313600e-01 1.819600e-08 6.723200e-01 
1.829600e-08 6.313600e-01 1.829600e-08 6.723200e-01 
1.839600e-08 6.313600e-01 1.839600e-08 6.723200e-01 
1.849600e-08 6.313600e-01 1.849600e-08 6.723200e-01 
1.859600e-08 6.313600e-01 1.859600e-08 6.723200e-01 
1.869600e-08 6.313600e-01 1.869600e-08 6.723200e-01 
1.879600e-08 6.313600e-01 1.879600e-08 6.723200e-01 
1.889600e-08 6.313600e-01 1.889600e-08 6.723200e-01 
1.899600e-08 6.313600e-01 1.899600e-08 6.723200e-01 
1.909600e-08 6.313600e-01 1.909600e-08 6.723200e-01 
1.919600e-08 6.313600e-01 1.919600e-08 6.723200e-01 
1.929600e-08 6.313600e-01 1.929600e-08 6.723200e-01 
1.939600e-08 6.313600e-01 1.939600e-08 6.723200e-01 
1.949600e-08 6.313600e-01 1.949600e-08 6.723200e-01 
1.959600e-08 6.313600e-01 1.959600e-08 6.723200e-01 
1.969600e-08 6.313600e-01 1.969600e-08 6.723200e-01 
1.979600e-08 6.313600e-01 1.979600e-08 6.723200e-01 
1.989600e-08 6.313600e-01 1.989600e-08 6.723200e-01 
1.999600e-08 6.313600e-01 1.999600e-08 6.723200e-01 
2.009600e-08 7.021389e-01 2.009600e-08 6.723200e-01 
2.019600e-08 7.050880e-01 2.019600e-08 6.723200e-01 
2.029600e-08 7.050880e-01 2.029600e-08 6.723200e-01 
2.039600e-08 7.050880e-01 2.039600e-08 6.723200e-01 
2.049600e-08 7.050880e-01 2.049600e-08 6.723200e-01 
2.059600e-08 7.050880e-01 2.059600e-08 6.723200e-01 
2.069600e-08 7.050880e-01 2.069600e-08 6.723200e-01 
2.079600e-08 7.050880e-01 2.079600e-08 6.723200e-01 
2.089600e-08 7.050880e-01 2.089600e-08 6.723200e-01 
2.099600e-08 7.050880e-01 2.099600e-08 6.723200e-01 
2.109600e-08 7.050880e-01 2.109600e-08 6.723200e-01 
2.119600e-08 7.050880e-01 2.119600e-08 6.723200e-01 
2.129600e-08 7.050880e-01 2.129600e-08 6.723200e-01 
2.139600e-08 7.050880e-01 2.139600e-08 6.723200e-01 
2.149600e-08 7.050880e-01 2.149600e-08 6.723200e-01 
2.159600e-08 7.050880e-01 2.159600e-08 6.723200e-01 
2.169600e-08 7.050880e-01 2.169600e-08 6.723200e-01 
2.179600e-08 7.050880e-01 2.179600e-08 6.723200e-01 
2.189600e-08 7.050880e-01 2.189600e-08 6.723200e-01 
2.199600e-08 7.050880e-01 2.199600e-08 6.723200e-01 
2.209600e-08 7.050880e-01 2.209600e-08 7.352346e-01 
2.219600e-08 7.050880e-01 2.219600e-08 7.378560e-01 
2.229600e-08 7.050880e-01 2.229600e-08 7.378560e-01 
2.239600e-08 7.050880e-01 2.239600e-08 7.378560e-01 
2.249600e-08 7.050880e-01 2.249600e-08 7.378560e-01 
2.259600e-08 7.050880e-01 2.259600e-08 7.378560e-01 
2.269600e-08 7.050880e-01 2.269600e-08 7.378560e-01 
2.279600e-08 7.050880e-01 2.279600e-08 7.378560e-01 
2.289600e-08 7.050880e-01 2.289600e-08 7.378560e-01 
2.299600e-08 7.050880e-01 2.299600e-08 7.378560e-01 
2.309600e-08 7.050880e-01 2.309600e-08 7.378560e-01 
2.319600e-08 7.050880e-01 2.319600e-08 7.378560e-01 
2.329600e-08 7.050880e-01 2.329600e-08 7.378560e-01 
2.339600e-08 7.050880e-01 2.339600e-08 7.378560e-01 
2.349600e-08 7.050880e-01 2.349600e-08 7.378560e-01 
2.359600e-08 7.050880e-01 2.359600e-08 7.378560e-01 
2.369600e-08 7.050880e-01 2.369600e-08 7.378560e-01 
2.379600e-08 7.050880e-01 2.379600e-08 7.378560e-01 
2.389600e-08 7.050880e-01 2.389600e-08 7.378560e-01 
2.399600e-08 7.050880e-01 2.399600e-08 7.378560e-01 
2.409600e-08 7.617111e-01 2.409600e-08 7.378560e-01 
2.419600e-08 7.640704e-01 2.419600e-08 7.378560e-01 
2.429600e-08 7.640704e-01 2.429600e-08 7.378560e-01 
2.439600e-08 7.640704e-01 2.439600e-08 7.378560e-01 
2.449600e-08 7.640704e-01 2.449600e-08 7.378560e-01 
2.459600e-08 7.640704e-01 2.459600e-08 7.378560e-01 
2.469600e-08 7.640704e-01 2.469600e-08 7.378560e-01 
2.479600e-08 7.640704e-01 2.479600e-08 7.378560e-01 
2.489600e-08 7.640704e-01 2.489600e-08 7.378560e-01 
2.499600e-08 7.640704e-01 2.499600e-08 7.378560e-01 
2.509600e-08 7.640704e-01 2.509600e-08 7.378560e-01 
2.519600e-08 7.640704e-01 2.519600e-08 7.378560e-01 
2.529600e-08 7.640704e-01 2.529600e-08 7.378560e-01 
2.539600e-08 7.640704e-01 2.539600e-08 7.378560e-01 
2.549600e-08 7.640704e-01 2.549600e-08 7.378560e-01 
2.559600e-08 7.640704e-01 2.559600e-08 7.378560e-01 
2.569600e-08 7.640704e-01 2.569600e-08 7.378560e-01 
2.579600e-08 7.640704e-01 2.579600e-08 7.378560e-01 
2.589600e-08 7.640704e-01 2.589600e-08 7.378560e-01 
2.599600e-08 7.640704e-01 2.599600e-08 7.378560e-01 
2.609600e-08 7.640704e-01 2.609600e-08 7.881876e-01 
2.619600e-08 7.640704e-01 2.619600e-08 7.902848e-01 
2.629600e-08 7.640704e-01 2.629600e-08 7.902848e-01 
2.639600e-08 7.640704e-01 2.639600e-08 7.902848e-01 
2.649600e-08 7.640704e-01 2.649600e-08 7.902848e-01 
2.659600e-08 7.640704e-01 2.659600e-08 7.902848e-01 
2.669600e-08 7.640704e-01 2.669600e-08 7.902848e-01 
2.679600e-08 7.640704e-01 2.679600e-08 7.902848e-01 
2.689600e-08 7.640704e-01 2.689600e-08 7.902848e-01 
2.699600e-08 7.640704e-01 2.699600e-08 7.902848e-01 
2.709600e-08 7.640704e-01 2.709600e-08 7.902848e-01 
2.719600e-08 7.640704e-01 2.719600e-08 7.902848e-01 
2.729600e-08 7.640704e-01 2.729600e-08 7.902848e-01 
2.739600e-08 7.640704e-01 2.739600e-08 7.902848e-01 
2.749600e-08 7.640704e-01 2.749600e-08 7.902848e-01 
2.759600e-08 7.640704e-01 2.759600e-08 7.902848e-01 
2.769600e-08 7.640704e-01 2.769600e-08 7.902848e-01 
2.779600e-08 7.640704e-01 2.779600e-08 7.902848e-01 
2.789600e-08 7.640704e-01 2.789600e-08 7.902848e-01 
2.799600e-08 7.640704e-01 2.799600e-08 7.902848e-01 
2.809600e-08 8.093689e-01 2.809600e-08 7.902848e-01 
2.819600e-08 8.112563e-01 2.819600e-08 7.902848e-01 
2.829600e-08 8.112563e-01 2.829600e-08 7.902848e-01 
2.839600e-08 8.112563e-01 2.839600e-08 7.902848e-01 
2.849600e-08 8.112563e-01 2.849600e-08 7.902848e-01 
2.859600e-08 8.112563e-01 2.859600e-08 7.902848e-01 
2.869600e-08 8.112563e-01 2.869600e-08 7.902848e-01 
2.879600e-08 8.112563e-01 2.879600e-08 7.902848e-01 
2.889600e-08 8.112563e-01 2.889600e-08 7.902848e-01 
2.899600e-08 8.112563e-01 2.899600e-08 7.902848e-01 
2.909600e-08 8.112563e-01 2.909600e-08 7.902848e-01 
2.919600e-08 8.112563e-01 2.919600e-08 7.902848e-01 
2.929600e-08 8.112563e-01 2.929600e-08 7.902848e-01 
2.939600e-08 8.112563e-01 2.939600e-08 7.902848e-01 
2.949600e-08 8.112563e-01 2.949600e-08 7.902848e-01 
2.959600e-08 8.112563e-01 2.959600e-08 7.902848e-01 
2.969600e-08 8.112563e-01 2.969600e-08 7.902848e-01 
2.979600e-08 8.112563e-01 2.979600e-08 7.902848e-01 
2.989600e-08 8.112563e-01 2.989600e-08 7.902848e-01 
2.999600e-08 8.112563e-01 2.999600e-08 7.902848e-01 
3.009600e-08 8.112563e-01 3.009600e-08 8.305501e-01 
3.019600e-08 8.112563e-01 3.019600e-08 8.322278e-01 
3.029600e-08 8.112563e-01 3.029600e-08 8.322278e-01 
3.039600e-08 8.112563e-01 3.039600e-08 8.322278e-01 
3.049600e-08 8.112563e-01 3.049600e-08 8.322278e-01 
3.059600e-08 8.112563e-01 3.059600e-08 8.322278e-01 
3.069600e-08 8.112563e-01 3.069600e-08 8.322278e-01 
3.079600e-08 8.112563e-01 3.079600e-08 8.322278e-01 
3.089600e-08 8.112563e-01 3.089600e-08 8.322278e-01 
3.099600e-08 8.112563e-01 3.099600e-08 8.322278e-01 
3.109600e-08 8.112563e-01 3.109600e-08 8.322278e-01 
3.119600e-08 8.112563e-01 3.119600e-08 8.322278e-01 
3.129600e-08 8.112563e-01 3.129600e-08 8.322278e-01 
3.139600e-08 8.112563e-01 3.139600e-08 8.322278e-01 
3.149600e-08 8.112563e-01 3.149600e-08 8.322278e-01 
3.159600e-08 8.112563e-01 3.159600e-08 8.322278e-01 
3.169600e-08 8.112563e-01 3.169600e-08 8.322278e-01 
3.179600e-08 8.112563e-01 3.179600e-08 8.322278e-01 
3.189600e-08 8.112563e-01 3.189600e-08 8.322278e-01 
3.199600e-08 8.112563e-01 3.199600e-08 8.322278e-01 
3.209600e-08 8.474951e-01 3.209600e-08 8.322278e-01 
3.219600e-08 8.490051e-01 3.219600e-08 8.322278e-01 
3.229600e-08 8.490051e-01 3.229600e-08 8.322278e-01 
3.239600e-08 8.490051e-01 3.239600e-08 8.322278e-01 
3.249600e-08 8.490051e-01 3.249600e-08 8.322278e-01 
3.259600e-08 8.490051e-01 3.259600e-08 8.322278e-01 
3.269600e-08 8.490051e-01 3.269600e-08 8.322278e-01 
3.279600e-08 8.490051e-01 3.279600e-08 8.322278e-01 
3.289600e-08 8.490051e-01 3.289600e-08 8.322278e-01 
3.299600e-08 8.490051e-01 3.299600e-08 8.322278e-01 
3.309600e-08 8.490051e-01 3.309600e-08 8.322278e-01 
3.319600e-08 8.490051e-01 3.319600e-08 8.322278e-01 
3.329600e-08 8.490051e-01 3.329600e-08 8.322278e-01 
3.339600e-08 8.490051e-01 3.339600e-08 8.322278e-01 
3.349600e-08 8.490051e-01 3.349600e-08 8.322278e-01 
3.359600e-08 8.490051e-01 3.359600e-08 8.322278e-01 
3.369600e-08 8.490051e-01 3.369600e-08 8.322278e-01 
3.379600e-08 8.490051e-01 3.379600e-08 8.322278e-01 
3.389600e-08 8.490051e-01 3.389600e-08 8.322278e-01 
3.399600e-08 8.490051e-01 3.399600e-08 8.322278e-01 
3.409600e-08 8.490051e-01 3.409600e-08 8.644401e-01 
3.419600e-08 8.490051e-01 3.419600e-08 8.657823e-01 
3.429600e-08 8.490051e-01 3.429600e-08 8.657823e-01 
3.439600e-08 8.490051e-01 3.439600e-08 8.657823e-01 
3.449600e-08 8.490051e-01 3.449600e-08 8.657823e-01 
3.459600e-08 8.490051e-01 3.459600e-08 8.657823e-01 
3.469600e-08 8.490051e-01 3.469600e-08 8.657823e-01 
3.479600e-08 8.490051e-01 3.479600e-08 8.657823e-01 
3.489600e-08 8.490051e-01 3.489600e-08 8.657823e-01 
3.499600e-08 8.490051e-01 3.499600e-08 8.657823e-01 
3.509600e-08 8.490051e-01 3.509600e-08 8.657823e-01 
3.519600e-08 8.490051e-01 3.519600e-08 8.657823e-01 
3.529600e-08 8.490051e-01 3.529600e-08 8.657823e-01 
3.539600e-08 8.490051e-01 3.539600e-08 8.657823e-01 
3.549600e-08 8.490051e-01 3.549600e-08 8.657823e-01 
3.559600e-08 8.490051e-01 3.559600e-08 8.657823e-01 
3.569600e-08 8.490051e-01 3.569600e-08 8.657823e-01 
3.579600e-08 8.490051e-01 3.579600e-08 8.657823e-01 
3.589600e-08 8.490051e-01 3.589600e-08 8.657823e-01 
3.599600e-08 8.490051e-01 3.599600e-08 8.657823e-01 
3.609600e-08 8.779961e-01 3.609600e-08 8.657823e-01 
3.619600e-08 8.792040e-01 3.619600e-08 8.657823e-01 
3.629600e-08 8.792040e-01 3.629600e-08 8.657823e-01 
3.639600e-08 8.792040e-01 3.639600e-08 8.657823e-01 
3.649600e-08 8.792040e-01 3.649600e-08 8.657823e-01 
3.659600e-08 8.792040e-01 3.659600e-08 8.657823e-01 
3.669600e-08 8.792040e-01 3.669600e-08 8.657823e-01 
3.679600e-08 8.792040e-01 3.679600e-08 8.657823e-01 
3.689600e-08 8.792040e-01 3.689600e-08 8.657823e-01 
3.699600e-08 8.792040e-01 3.699600e-08 8.657823e-01 
3.709600e-08 8.792040e-01 3.709600e-08 8.657823e-01 
3.719600e-08 8.792040e-01 3.719600e-08 8.657823e-01 
3.729600e-08 8.792040e-01 3.729600e-08 8.657823e-01 
3.739600e-08 8.792040e-01 3.739600e-08 8.657823e-01 
3.749600e-08 8.792040e-01 3.749600e-08 8.657823e-01 
3.759600e-08 8.792040e-01 3.759600e-08 8.657823e-01 
3.769600e-08 8.792040e-01 3.769600e-08 8.657823e-01 
3.779600e-08 8.792040e-01 3.779600e-08 8.657823e-01 
3.789600e-08 8.792040e-01 3.789600e-08 8.657823e-01 
3.799600e-08 8.792040e-01 3.799600e-08 8.657823e-01 
3.809600e-08 8.792040e-01 3.809600e-08 8.915521e-01 
3.819600e-08 8.792040e-01 3.819600e-08 8.926258e-01 
3.829600e-08 8.792040e-01 3.829600e-08 8.926258e-01 
3.839600e-08 8.792040e-01 3.839600e-08 8.926258e-01 
3.849600e-08 8.792040e-01 3.849600e-08 8.926258e-01 
3.859600e-08 8.792040e-01 3.859600e-08 8.926258e-01 
3.869600e-08 8.792040e-01 3.869600e-08 8.926258e-01 
3.879600e-08 8.792040e-01 3.879600e-08 8.926258e-01 
3.889600e-08 8.792040e-01 3.889600e-08 8.926258e-01 
3.899600e-08 8.792040e-01 3.899600e-08 8.926258e-01 
3.909600e-08 8.792040e-01 3.909600e-08 8.926258e-01 
3.919600e-08 8.792040e-01 3.919600e-08 8.926258e-01 
3.929600e-08 8.792040e-01 3.929600e-08 8.926258e-01 
3.939600e-08 8.792040e-01 3.939600e-08 8.926258e-01 
3.949600e-08 8.792040e-01 3.949600e-08 8.926258e-01 
3.959600e-08 8.792040e-01 3.959600e-08 8.926258e-01 
3.969600e-08 8.792040e-01 3.969600e-08 8.926258e-01 
3.979600e-08 8.792040e-01 3.979600e-08 8.926258e-01 
3.989600e-08 8.792040e-01 3.989600e-08 8.926258e-01 
3.999600e-08 8.792040e-01 3.999600e-08 8.926258e-01 
4.009600e-08 9.023969e-01 4.009600e-08 8.926258e-01 
4.019600e-08 9.033632e-01 4.019600e-08 8.926258e-01 
4.029600e-08 9.033632e-01 4.029600e-08 8.926258e-01 
4.039600e-08 9.033632e-01 4.039600e-08 8.926258e-01 
4.049600e-08 9.033632e-01 4.049600e-08 8.926258e-01 
4.059600e-08 9.033632e-01 4.059600e-08 8.926258e-01 
4.069600e-08 9.033632e-01 4.069600e-08 8.926258e-01 
4.079600e-08 9.033632e-01 4.079600e-08 8.926258e-01 
4.089600e-08 9.033632e-01 4.089600e-08 8.926258e-01 
4.099600e-08 9.033632e-01 4.099600e-08 8.926258e-01 
4.109600e-08 9.033632e-01 4.109600e-08 8.926258e-01 
4.119600e-08 9.033632e-01 4.119600e-08 8.926258e-01 
4.129600e-08 9.033632e-01 4.129600e-08 8.926258e-01 
4.139600e-08 9.033632e-01 4.139600e-08 8.926258e-01 
4.149600e-08 9.033632e-01 4.149600e-08 8.926258e-01 
4.159600e-08 9.033632e-01 4.159600e-08 8.926258e-01 
4.169600e-08 9.033632e-01 4.169600e-08 8.926258e-01 
4.179600e-08 9.033632e-01 4.179600e-08 8.926258e-01 
4.189600e-08 9.033632e-01 4.189600e-08 8.926258e-01 
4.199600e-08 9.033632e-01 4.199600e-08 8.926258e-01 
4.209600e-08 9.033632e-01 4.209600e-08 9.132417e-01 
4.219600e-08 9.033632e-01 4.219600e-08 9.141007e-01 
4.229600e-08 9.033632e-01 4.229600e-08 9.141007e-01 
4.239600e-08 9.033632e-01 4.239600e-08 9.141007e-01 
4.249600e-08 9.033632e-01 4.249600e-08 9.141007e-01 
4.259600e-08 9.033632e-01 4.259600e-08 9.141007e-01 
4.269600e-08 9.033632e-01 4.269600e-08 9.141007e-01 
4.279600e-08 9.033632e-01 4.279600e-08 9.141007e-01 
4.289600e-08 9.033632e-01 4.289600e-08 9.141007e-01 
4.299600e-08 9.033632e-01 4.299600e-08 9.141007e-01 
4.309600e-08 9.033632e-01 4.309600e-08 9.141007e-01 
4.319600e-08 9.033632e-01 4.319600e-08 9.141007e-01 
4.329600e-08 9.033632e-01 4.329600e-08 9.141007e-01 
4.339600e-08 9.033632e-01 4.339600e-08 9.141007e-01 
4.349600e-08 9.033632e-01 4.349600e-08 9.141007e-01 
4.359600e-08 9.033632e-01 4.359600e-08 9.141007e-01 
4.369600e-08 9.033632e-01 4.369600e-08 9.141007e-01 
4.379600e-08 9.033632e-01 4.379600e-08 9.141007e-01 
4.389600e-08 9.033632e-01 4.389600e-08 9.141007e-01 
4.399600e-08 9.033632e-01 4.399600e-08 9.141007e-01 
4.409600e-08 9.219175e-01 4.409600e-08 9.141007e-01 
4.419600e-08 9.226906e-01 4.419600e-08 9.141007e-01 
4.429600e-08 9.226906e-01 4.429600e-08 9.141007e-01 
4.439600e-08 9.226906e-01 4.439600e-08 9.141007e-01 
4.449600e-08 9.226906e-01 4.449600e-08 9.141007e-01 
4.459600e-08 9.226906e-01 4.459600e-08 9.141007e-01 
4.469600e-08 9.226906e-01 4.469600e-08 9.141007e-01 
4.479600e-08 9.226906e-01 4.479600e-08 9.141007e-01 
4.489600e-08 9.226906e-01 4.489600e-08 9.141007e-01 
4.499600e-08 9.226906e-01 4.499600e-08 9.141007e-01 
4.509600e-08 9.226906e-01 4.509600e-08 9.141007e-01 
4.519600e-08 9.226906e-01 4.519600e-08 9.141007e-01 
4.529600e-08 9.226906e-01 4.529600e-08 9.141007e-01 
4.539600e-08 9.226906e-01 4.539600e-08 9.141007e-01 
4.549600e-08 9.226906e-01 4.549600e-08 9.141007e-01 
4.559600e-08 9.226906e-01 4.559600e-08 9.141007e-01 
4.569600e-08 9.226906e-01 4.569600e-08 9.141007e-01 
4.579600e-08 9.226906e-01 4.579600e-08 9.141007e-01 
4.589600e-08 9.226906e-01 4.589600e-08 9.141007e-01 
4.599600e-08 9.226906e-01 4.599600e-08 9.141007e-01 
4.609600e-08 9.226906e-01 4.609600e-08 9.305933e-01 
4.619600e-08 9.226906e-01 4.619600e-08 9.312805e-01 
4.629600e-08 9.226906e-01 4.629600e-08 9.312805e-01 
4.639600e-08 9.226906e-01 4.639600e-08 9.312805e-01 
4.649600e-08 9.226906e-01 4.649600e-08 9.312805e-01 
4.659600e-08 9.226906e-01 4.659600e-08 9.312805e-01 
4.669600e-08 9.226906e-01 4.669600e-08 9.312805e-01 
4.679600e-08 9.226906e-01 4.679600e-08 9.312805e-01 
4.689600e-08 9.226906e-01 4.689600e-08 9.312805e-01 
4.699600e-08 9.226906e-01 4.699600e-08 9.312805e-01 
4.709600e-08 9.226906e-01 4.709600e-08 9.312805e-01 
4.719600e-08 9.226906e-01 4.719600e-08 9.312805e-01 
4.729600e-08 9.226906e-01 4.729600e-08 9.312805e-01 
4.739600e-08 9.226906e-01 4.739600e-08 9.312805e-01 
4.749600e-08 9.226906e-01 4.749600e-08 9.312805e-01 
4.759600e-08 9.226906e-01 4.759600e-08 9.312805e-01 
4.769600e-08 9.226906e-01 4.769600e-08 9.312805e-01 
4.779600e-08 9.226906e-01 4.779600e-08 9.312805e-01 
4.789600e-08 9.226906e-01 4.789600e-08 9.312805e-01 
4.799600e-08 9.226906e-01 4.799600e-08 9.312805e-01 
4.809600e-08 9.375340e-01 4.809600e-08 9.312805e-01 
4.819600e-08 9.381525e-01 4.819600e-08 9.312805e-01 
4.829600e-08 9.381525e-01 4.829600e-08 9.312805e-01 
4.839600e-08 9.381525e-01 4.839600e-08 9.312805e-01 
4.849600e-08 9.381525e-01 4.849600e-08 9.312805e-01 
4.859600e-08 9.381525e-01 4.859600e-08 9.312805e-01 
4.869600e-08 9.381525e-01 4.869600e-08 9.312805e-01 
4.879600e-08 9.381525e-01 4.879600e-08 9.312805e-01 
4.889600e-08 9.381525e-01 4.889600e-08 9.312805e-01 
4.899600e-08 9.381525e-01 4.899600e-08 9.312805e-01 
4.909600e-08 9.381525e-01 4.909600e-08 9.312805e-01 
4.919600e-08 9.381525e-01 4.919600e-08 9.312805e-01 
4.929600e-08 9.381525e-01 4.929600e-08 9.312805e-01 
4.939600e-08 9.381525e-01 4.939600e-08 9.312805e-01 
4.949600e-08 9.381525e-01 4.949600e-08 9.312805e-01 
4.959600e-08 9.381525e-01 4.959600e-08 9.312805e-01 
4.969600e-08 9.381525e-01 4.969600e-08 9.312805e-01 
4.979600e-08 9.381525e-01 4.979600e-08 9.312805e-01 
4.989600e-08 9.381525e-01 4.989600e-08 9.312805e-01 
4.999600e-08 9.381525e-01 4.999600e-08 9.312805e-01 
5.009600e-08 9.381525e-01 5.009600e-08 9.444747e-01 
5.019600e-08 9.381525e-01 5.019600e-08 9.450244e-01 
5.029600e-08 9.381525e-01 5.029600e-08 9.450244e-01 
5.039600e-08 9.381525e-01 5.039600e-08 9.450244e-01 
5.049600e-08 9.381525e-01 5.049600e-08 9.450244e-01 
5.059600e-08 9.381525e-01 5.059600e-08 9.450244e-01 
5.069600e-08 9.381525e-01 5.069600e-08 9.450244e-01 
5.079600e-08 9.381525e-01 5.079600e-08 9.450244e-01 
5.089600e-08 9.381525e-01 5.089600e-08 9.450244e-01 
5.099600e-08 9.381525e-01 5.099600e-08 9.450244e-01 
5.109600e-08 9.381525e-01 5.109600e-08 9.450244e-01 
5.119600e-08 9.381525e-01 5.119600e-08 9.450244e-01 
5.129600e-08 9.381525e-01 5.129600e-08 9.450244e-01 
5.139600e-08 9.381525e-01 5.139600e-08 9.450244e-01 
5.149600e-08 9.381525e-01 5.149600e-08 9.450244e-01 
5.159600e-08 9.381525e-01 5.159600e-08 9.450244e-01 
5.169600e-08 9.381525e-01 5.169600e-08 9.450244e-01 
5.179600e-08 9.381525e-01 5.179600e-08 9.450244e-01 
5.189600e-08 9.381525e-01 5.189600e-08 9.450244e-01 
5.199600e-08 9.381525e-01 5.199600e-08 9.450244e-01 
5.209600e-08 9.500272e-01 5.209600e-08 9.450244e-01 
5.219600e-08 9.505220e-01 5.219600e-08 9.450244e-01 
5.229600e-08 9.505220e-01 5.229600e-08 9.450244e-01 
5.239600e-08 9.505220e-01 5.239600e-08 9.450244e-01 
5.249600e-08 9.505220e-01 5.249600e-08 9.450244e-01 
5.259600e-08 9.505220e-01 5.259600e-08 9.450244e-01 
5.269600e-08 9.505220e-01 5.269600e-08 9.450244e-01 
5.279600e-08 9.505220e-01 5.279600e-08 9.450244e-01 
5.289600e-08 9.505220e-01 5.289600e-08 9.450244e-01 
5.299600e-08 9.505220e-01 5.299600e-08 9.450244e-01 
5.309600e-08 9.505220e-01 5.309600e-08 9.450244e-01 
5.319600e-08 9.505220e-01 5.319600e-08 9.450244e-01 
5.329600e-08 9.505220e-01 5.329600e-08 9.450244e-01 
5.339600e-08 9.505220e-01 5.339600e-08 9.450244e-01 
5.349600e-08 9.505220e-01 5.349600e-08 9.450244e-01 
5.359600e-08 9.505220e-01 5.359600e-08 9.450244e-01 
5.369600e-08 9.505220e-01 5.369600e-08 9.450244e-01 
5.379600e-08 9.505220e-01 5.379600e-08 9.450244e-01 
5.389600e-08 9.505220e-01 5.389600e-08 9.450244e-01 
5.399600e-08 9.505220e-01 5.399600e-08 9.450244e-01 
5.409600e-08 9.505220e-01 5.409600e-08 9.555797e-01 
5.419600e-08 9.505220e-01 5.419600e-08 9.560195e-01 
5.429600e-08 9.505220e-01 5.429600e-08 9.560195e-01 
5.439600e-08 9.505220e-01 5.439600e-08 9.560195e-01 
5.449600e-08 9.505220e-01 5.449600e-08 9.560195e-01 
5.459600e-08 9.505220e-01 5.459600e-08 9.560195e-01 
5.469600e-08 9.505220e-01 5.469600e-08 9.560195e-01 
5.479600e-08 9.505220e-01 5.479600e-08 9.560195e-01 
5.489600e-08 9.505220e-01 5.489600e-08 9.560195e-01 
5.499600e-08 9.505220e-01 5.499600e-08 9.560195e-01 
5.509600e-08 9.505220e-01 5.509600e-08 9.560195e-01 
5.519600e-08 9.505220e-01 5.519600e-08 9.560195e-01 
5.529600e-08 9.505220e-01 5.529600e-08 9.560195e-01 
5.539600e-08 9.505220e-01 5.539600e-08 9.560195e-01 
5.549600e-08 9.505220e-01 5.549600e-08 9.560195e-01 
5.559600e-08 9.505220e-01 5.559600e-08 9.560195e-01 
5.569600e-08 9.505220e-01 5.569600e-08 9.560195e-01 
5.579600e-08 9.505220e-01 5.579600e-08 9.560195e-01 
5.589600e-08 9.505220e-01 5.589600e-08 9.560195e-01 
5.599600e-08 9.505220e-01 5.599600e-08 9.560195e-01 
5.609600e-08 9.600218e-01 5.609600e-08 9.560195e-01 
5.619600e-08 9.604176e-01 5.619600e-08 9.560195e-01 
5.629600e-08 9.604176e-01 5.629600e-08 9.560195e-01 
5.639600e-08 9.604176e-01 5.639600e-08 9.560195e-01 
5.649600e-08 9.604176e-01 5.649600e-08 9.560195e-01 
5.659600e-08 9.604176e-01 5.659600e-08 9.560195e-01 
5.669600e-08 9.604176e-01 5.669600e-08 9.560195e-01 
5.679600e-08 9.604176e-01 5.679600e-08 9.560195e-01 
5.689600e-08 9.604176e-01 5.689600e-08 9.560195e-01 
5.699600e-08 9.604176e-01 5.699600e-08 9.560195e-01 
5.709600e-08 9.604176e-01 5.709600e-08 9.560195e-01 
5.719600e-08 9.604176e-01 5.719600e-08 9.560195e-01 
5.729600e-08 9.604176e-01 5.729600e-08 9.560195e-01 
5.739600e-08 9.604176e-01 5.739600e-08 9.560195e-01 
5.749600e-08 9.604176e-01 5.749600e-08 9.560195e-01 
5.759600e-08 9.604176e-01 5.759600e-08 9.560195e-01 
5.769600e-08 9.604176e-01 5.769600e-08 9.560195e-01 
5.779600e-08 9.604176e-01 5.779600e-08 9.560195e-01 
5.789600e-08 9.604176e-01 5.789600e-08 9.560195e-01 
5.799600e-08 9.604176e-01 5.799600e-08 9.560195e-01 
5.809600e-08 9.604176e-01 5.809600e-08 9.644638e-01 
5.819600e-08 9.604176e-01 5.819600e-08 9.648156e-01 
5.829600e-08 9.604176e-01 5.829600e-08 9.648156e-01 
5.839600e-08 9.604176e-01 5.839600e-08 9.648156e-01 
5.849600e-08 9.604176e-01 5.849600e-08 9.648156e-01 
5.859600e-08 9.604176e-01 5.859600e-08 9.648156e-01 
5.869600e-08 9.604176e-01 5.869600e-08 9.648156e-01 
5.879600e-08 9.604176e-01 5.879600e-08 9.648156e-01 
5.889600e-08 9.604176e-01 5.889600e-08 9.648156e-01 
5.899600e-08 9.604176e-01 5.899600e-08 9.648156e-01 
5.909600e-08 9.604176e-01 5.909600e-08 9.648156e-01 
5.919600e-08 9.604176e-01 5.919600e-08 9.648156e-01 
5.929600e-08 9.604176e-01 5.929600e-08 9.648156e-01 
5.939600e-08 9.604176e-01 5.939600e-08 9.648156e-01 
5.949600e-08 9.604176e-01 5.949600e-08 9.648156e-01 
5.959600e-08 9.604176e-01 5.959600e-08 9.648156e-01 
5.969600e-08 9.604176e-01 5.969600e-08 9.648156e-01 
5.979600e-08 9.604176e-01 5.979600e-08 9.648156e-01 
5.989600e-08 9.604176e-01 5.989600e-08 9.648156e-01 
5.999600e-08 9.604176e-01 5.999600e-08 9.648156e-01 
6.009600e-08 9.680174e-01 6.009600e-08 9.648156e-01 
6.019600e-08 9.683341e-01 6.019600e-08 9.648156e-01 
6.029600e-08 9.683341e-01 6.029600e-08 9.648156e-01 
6.039600e-08 9.683341e-01 6.039600e-08 9.648156e-01 
6.049600e-08 9.683341e-01 6.049600e-08 9.648156e-01 
6.059600e-08 9.683341e-01 6.059600e-08 9.648156e-01 
6.069600e-08 9.683341e-01 6.069600e-08 9.648156e-01 
6.079600e-08 9.683341e-01 6.079600e-08 9.648156e-01 
6.089600e-08 9.683341e-01 6.089600e-08 9.648156e-01 
6.099600e-08 9.683341e-01 6.099600e-08 9.648156e-01 
6.109600e-08 9.683341e-01 6.109600e-08 9.648156e-01 
6.119600e-08 9.683341e-01 6.119600e-08 9.648156e-01 
6.129600e-08 9.683341e-01 6.129600e-08 9.648156e-01 
6.139600e-08 9.683341e-01 6.139600e-08 9.648156e-01 
6.149600e-08 9.683341e-01 6.149600e-08 9.648156e-01 
6.159600e-08 9.683341e-01 6.159600e-08 9.648156e-01 
6.169600e-08 9.683341e-01 6.169600e-08 9.648156e-01 
6.179600e-08 9.683341e-01 6.179600e-08 9.648156e-01 
6.189600e-08 9.683341e-01 6.189600e-08 9.648156e-01 
6.199600e-08 9.683341e-01 6.199600e-08 9.648156e-01 
6.209600e-08 9.683341e-01 6.209600e-08 9.715710e-01 
6.219600e-08 9.683341e-01 6.219600e-08 9.718525e-01 
6.229600e-08 9.683341e-01 6.229600e-08 9.718525e-01 
6.239600e-08 9.683341e-01 6.239600e-08 9.718525e-01 
6.249600e-08 9.683341e-01 6.249600e-08 9.718525e-01 
6.259600e-08 9.683341e-01 6.259600e-08 9.718525e-01 
6.269600e-08 9.683341e-01 6.269600e-08 9.718525e-01 
6.279600e-08 9.683341e-01 6.279600e-08 9.718525e-01 
6.289600e-08 9.683341e-01 6.289600e-08 9.718525e-01 
6.299600e-08 9.683341e-01 6.299600e-08 9.718525e-01 
6.309600e-08 9.683341e-01 6.309600e-08 9.718525e-01 
6.319600e-08 9.683341e-01 6.319600e-08 9.718525e-01 
6.329600e-08 9.683341e-01 6.329600e-08 9.718525e-01 
6.339600e-08 9.683341e-01 6.339600e-08 9.718525e-01 
6.349600e-08 9.683341e-01 6.349600e-08 9.718525e-01 
6.359600e-08 9.683341e-01 6.359600e-08 9.718525e-01 
6.369600e-08 9.683341e-01 6.369600e-08 9.718525e-01 
6.379600e-08 9.683341e-01 6.379600e-08 9.718525e-01 
6.389600e-08 9.683341e-01 6.389600e-08 9.718525e-01 
6.399600e-08 9.683341e-01 6.399600e-08 9.718525e-01 
6.409600e-08 9.744139e-01 6.409600e-08 9.718525e-01 
6.419600e-08 9.746673e-01 6.419600e-08 9.718525e-01 
6.429600e-08 9.746673e-01 6.429600e-08 9.718525e-01 
6.439600e-08 9.746673e-01 6.439600e-08 9.718525e-01 
6.449600e-08 9.746673e-01 6.449600e-08 9.718525e-01 
6.459600e-08 9.746673e-01 6.459600e-08 9.718525e-01 
6.469600e-08 9.746673e-01 6.469600e-08 9.718525e-01 
6.479600e-08 9.746673e-01 6.479600e-08 9.718525e-01 
6.489600e-08 9.746673e-01 6.489600e-08 9.718525e-01 
6.499600e-08 9.746673e-01 6.499600e-08 9.718525e-01 
6.509600e-08 9.746673e-01 6.509600e-08 9.718525e-01 
6.519600e-08 9.746673e-01 6.519600e-08 9.718525e-01 
6.529600e-08 9.746673e-01 6.529600e-08 9.718525e-01 
6.539600e-08 9.746673e-01 6.539600e-08 9.718525e-01 
6.549600e-08 9.746673e-01 6.549600e-08 9.718525e-01 
6.559600e-08 9.746673e-01 6.559600e-08 9.718525e-01 
6.569600e-08 9.746673e-01 6.569600e-08 9.718525e-01 
6.579600e-08 9.746673e-01 6.579600e-08 9.718525e-01 
6.589600e-08 9.746673e-01 6.589600e-08 9.718525e-01 
6.599600e-08 9.746673e-01 6.599600e-08 9.718525e-01 
6.609600e-08 9.746673e-01 6.609600e-08 9.772568e-01 
6.619600e-08 9.746673e-01 6.619600e-08 9.774820e-01 
6.629600e-08 9.746673e-01 6.629600e-08 9.774820e-01 
6.639600e-08 9.746673e-01 6.639600e-08 9.774820e-01 
6.649600e-08 9.746673e-01 6.649600e-08 9.774820e-01 
6.659600e-08 9.746673e-01 6.659600e-08 9.774820e-01 
6.669600e-08 9.746673e-01 6.669600e-08 9.774820e-01 
6.679600e-08 9.746673e-01 6.679600e-08 9.774820e-01 
6.689600e-08 9.746673e-01 6.689600e-08 9.774820e-01 
6.699600e-08 9.746673e-01 6.699600e-08 9.774820e-01 
6.709600e-08 9.746673e-01 6.709600e-08 9.774820e-01 
6.719600e-08 9.746673e-01 6.719600e-08 9.774820e-01 
6.729600e-08 9.746673e-01 6.729600e-08 9.774820e-01 
6.739600e-08 9.746673e-01 6.739600e-08 9.774820e-01 
6.749600e-08 9.746673e-01 6.749600e-08 9.774820e-01 
6.759600e-08 9.746673e-01 6.759600e-08 9.774820e-01 
6.769600e-08 9.746673e-01 6.769600e-08 9.774820e-01 
6.779600e-08 9.746673e-01 6.779600e-08 9.774820e-01 
6.789600e-08 9.746673e-01 6.789600e-08 9.774820e-01 
6.799600e-08 9.746673e-01 6.799600e-08 9.774820e-01 
6.809600e-08 9.795311e-01 6.809600e-08 9.774820e-01 
6.819600e-08 9.797338e-01 6.819600e-08 9.774820e-01 
6.829600e-08 9.797338e-01 6.829600e-08 9.774820e-01 
6.839600e-08 9.797338e-01 6.839600e-08 9.774820e-01 
6.849600e-08 9.797338e-01 6.849600e-08 9.774820e-01 
6.859600e-08 9.797338e-01 6.859600e-08 9.774820e-01 
6.869600e-08 9.797338e-01 6.869600e-08 9.774820e-01 
6.879600e-08 9.797338e-01 6.879600e-08 9.774820e-01 
6.889600e-08 9.797338e-01 6.889600e-08 9.774820e-01 
6.899600e-08 9.797338e-01 6.899600e-08 9.774820e-01 
6.909600e-08 9.797338e-01 6.909600e-08 9.774820e-01 
6.919600e-08 9.797338e-01 6.919600e-08 9.774820e-01 
6.929600e-08 9.797338e-01 6.929600e-08 9.774820e-01 
6.939600e-08 9.797338e-01 6.939600e-08 9.774820e-01 
6.949600e-08 9.797338e-01 6.949600e-08 9.774820e-01 
6.959600e-08 9.797338e-01 6.959600e-08 9.774820e-01 
6.969600e-08 9.797338e-01 6.969600e-08 9.774820e-01 
6.979600e-08 9.797338e-01 6.979600e-08 9.774820e-01 
6.989600e-08 9.797338e-01 6.989600e-08 9.774820e-01 
6.999600e-08 9.797338e-01 6.999600e-08 9.774820e-01 
7.009600e-08 9.797338e-01 7.009600e-08 9.818055e-01 
7.019600e-08 9.797338e-01 7.019600e-08 9.819856e-01 
7.029600e-08 9.797338e-01 7.029600e-08 9.819856e-01 
7.039600e-08 9.797338e-01 7.039600e-08 9.819856e-01 
7.049600e-08 9.797338e-01 7.049600e-08 9.819856e-01 
7.059600e-08 9.797338e-01 7.059600e-08 9.819856e-01 
7.069600e-08 9.797338e-01 7.069600e-08 9.819856e-01 
7.079600e-08 9.797338e-01 7.079600e-08 9.819856e-01 
7.089600e-08 9.797338e-01 7.089600e-08 9.819856e-01 
7.099600e-08 9.797338e-01 7.099600e-08 9.819856e-01 
7.109600e-08 9.797338e-01 7.109600e-08 9.819856e-01 
7.119600e-08 9.797338e-01 7.119600e-08 9.819856e-01 
7.129600e-08 9.797338e-01 7.129600e-08 9.819856e-01 
7.139600e-08 9.797338e-01 7.139600e-08 9.819856e-01 
7.149600e-08 9.797338e-01 7.149600e-08 9.819856e-01 
7.159600e-08 9.797338e-01 7.159600e-08 9.819856e-01 
7.169600e-08 9.797338e-01 7.169600e-08 9.819856e-01 
7.179600e-08 9.797338e-01 7.179600e-08 9.819856e-01 
7.189600e-08 9.797338e-01 7.189600e-08 9.819856e-01 
7.199600e-08 9.797338e-01 7.199600e-08 9.819856e-01 
7.209600e-08 9.836249e-01 7.209600e-08 9.819856e-01 
7.219600e-08 9.837870e-01 7.219600e-08 9.819856e-01 
7.229600e-08 9.837870e-01 7.229600e-08 9.819856e-01 
7.239600e-08 9.837870e-01 7.239600e-08 9.819856e-01 
7.249600e-08 9.837870e-01 7.249600e-08 9.819856e-01 
7.259600e-08 9.837870e-01 7.259600e-08 9.819856e-01 
7.269600e-08 9.837870e-01 7.269600e-08 9.819856e-01 
7.279600e-08 9.837870e-01 7.279600e-08 9.819856e-01 
7.289600e-08 9.837870e-01 7.289600e-08 9.819856e-01 
7.299600e-08 9.837870e-01 7.299600e-08 9.819856e-01 
7.309600e-08 9.837870e-01 7.309600e-08 9.819856e-01 
7.319600e-08 9.837870e-01 7.319600e-08 9.819856e-01 
7.329600e-08 9.837870e-01 7.329600e-08 9.819856e-01 
7.339600e-08 9.837870e-01 7.339600e-08 9.819856e-01 
7.349600e-08 9.837870e-01 7.349600e-08 9.819856e-01 
7.359600e-08 9.837870e-01 7.359600e-08 9.819856e-01 
7.369600e-08 9.837870e-01 7.369600e-08 9.819856e-01 
7.379600e-08 9.837870e-01 7.379600e-08 9.819856e-01 
7.389600e-08 9.837870e-01 7.389600e-08 9.819856e-01 
7.399600e-08 9.837870e-01 7.399600e-08 9.819856e-01 
7.409600e-08 9.837870e-01 7.409600e-08 9.854444e-01 
7.419600e-08 9.837870e-01 7.419600e-08 9.855885e-01 
7.429600e-08 9.837870e-01 7.429600e-08 9.855885e-01 
7.439600e-08 9.837870e-01 7.439600e-08 9.855885e-01 
7.449600e-08 9.837870e-01 7.449600e-08 9.855885e-01 
7.459600e-08 9.837870e-01 7.459600e-08 9.855885e-01 
7.469600e-08 9.837870e-01 7.469600e-08 9.855885e-01 
7.479600e-08 9.837870e-01 7.479600e-08 9.855885e-01 
7.489600e-08 9.837870e-01 7.489600e-08 9.855885e-01 
7.499600e-08 9.837870e-01 7.499600e-08 9.855885e-01 
7.509600e-08 9.837870e-01 7.509600e-08 9.855885e-01 
7.519600e-08 9.837870e-01 7.519600e-08 9.855885e-01 
7.529600e-08 9.837870e-01 7.529600e-08 9.855885e-01 
7.539600e-08 9.837870e-01 7.539600e-08 9.855885e-01 
7.549600e-08 9.837870e-01 7.549600e-08 9.855885e-01 
7.559600e-08 9.837870e-01 7.559600e-08 9.855885e-01 
7.569600e-08 9.837870e-01 7.569600e-08 9.855885e-01 
7.579600e-08 9.837870e-01 7.579600e-08 9.855885e-01 
7.589600e-08 9.837870e-01 7.589600e-08 9.855885e-01 
7.599600e-08 9.837870e-01 7.599600e-08 9.855885e-01 
7.609600e-08 9.868999e-01 7.609600e-08 9.855885e-01 
7.619600e-08 9.870296e-01 7.619600e-08 9.855885e-01 
7.629600e-08 9.870296e-01 7.629600e-08 9.855885e-01 
7.639600e-08 9.870296e-01 7.639600e-08 9.855885e-01 
7.649600e-08 9.870296e-01 7.649600e-08 9.855885e-01 
7.659600e-08 9.870296e-01 7.659600e-08 9.855885e-01 
7.669600e-08 9.870296e-01 7.669600e-08 9.855885e-01 
7.679600e-08 9.870296e-01 7.679600e-08 9.855885e-01 
7.689600e-08 9.870296e-01 7.689600e-08 9.855885e-01 
7.699600e-08 9.870296e-01 7.699600e-08 9.855885e-01 
7.709600e-08 9.870296e-01 7.709600e-08 9.855885e-01 
7.719600e-08 9.870296e-01 7.719600e-08 9.855885e-01 
7.729600e-08 9.870296e-01 7.729600e-08 9.855885e-01 
7.739600e-08 9.870296e-01 7.739600e-08 9.855885e-01 
7.749600e-08 9.870296e-01 7.749600e-08 9.855885e-01 
7.759600e-08 9.870296e-01 7.759600e-08 9.855885e-01 
7.769600e-08 9.870296e-01 7.769600e-08 9.855885e-01 
7.779600e-08 9.870296e-01 7.779600e-08 9.855885e-01 
7.789600e-08 9.870296e-01 7.789600e-08 9.855885e-01 
7.799600e-08 9.870296e-01 7.799600e-08 9.855885e-01 
7.809600e-08 9.870296e-01 7.809600e-08 9.883555e-01 
7.819600e-08 9.870296e-01 7.819600e-08 9.884708e-01 
7.829600e-08 9.870296e-01 7.829600e-08 9.884708e-01 
7.839600e-08 9.870296e-01 7.839600e-08 9.884708e-01 
7.849600e-08 9.870296e-01 7.849600e-08 9.884708e-01 
7.859600e-08 9.870296e-01 7.859600e-08 9.884708e-01 
7.869600e-08 9.870296e-01 7.869600e-08 9.884708e-01 
7.879600e-08 9.870296e-01 7.879600e-08 9.884708e-01 
7.889600e-08 9.870296e-01 7.889600e-08 9.884708e-01 
7.899600e-08 9.870296e-01 7.899600e-08 9.884708e-01 
7.909600e-08 9.870296e-01 7.909600e-08 9.884708e-01 
7.919600e-08 9.870296e-01 7.919600e-08 9.884708e-01 
7.929600e-08 9.870296e-01 7.929600e-08 9.884708e-01 
7.939600e-08 9.870296e-01 7.939600e-08 9.884708e-01 
7.949600e-08 9.870296e-01 7.949600e-08 9.884708e-01 
7.959600e-08 9.870296e-01 7.959600e-08 9.884708e-01 
7.969600e-08 9.870296e-01 7.969600e-08 9.884708e-01 
7.979600e-08 9.870296e-01 7.979600e-08 9.884708e-01 
7.989600e-08 9.870296e-01 7.989600e-08 9.884708e-01 
7.999600e-08 9.870296e-01 7.999600e-08 9.884708e-01 
8.009600e-08 9.895199e-01 8.009600e-08 9.884708e-01 
8.019600e-08 9.896237e-01 8.019600e-08 9.884708e-01 
8.029600e-08 9.896237e-01 8.029600e-08 9.884708e-01 
8.039600e-08 9.896237e-01 8.039600e-08 9.884708e-01 
8.049600e-08 9.896237e-01 8.049600e-08 9.884708e-01 
8.059600e-08 9.896237e-01 8.059600e-08 9.884708e-01 
8.069600e-08 9.896237e-01 8.069600e-08 9.884708e-01 
8.079600e-08 9.896237e-01 8.079600e-08 9.884708e-01 
8.089600e-08 9.896237e-01 8.089600e-08 9.884708e-01 
8.099600e-08 9.896237e-01 8.099600e-08 9.884708e-01 
8.109600e-08 9.896237e-01 8.109600e-08 9.884708e-01 
8.119600e-08 9.896237e-01 8.119600e-08 9.884708e-01 
8.129600e-08 9.896237e-01 8.129600e-08 9.884708e-01 
8.139600e-08 9.896237e-01 8.139600e-08 9.884708e-01 
8.149600e-08 9.896237e-01 8.149600e-08 9.884708e-01 
8.159600e-08 9.896237e-01 8.159600e-08 9.884708e-01 
8.169600e-08 9.896237e-01 8.169600e-08 9.884708e-01 
8.179600e-08 9.896237e-01 8.179600e-08 9.884708e-01 
8.189600e-08 9.896237e-01 8.189600e-08 9.884708e-01 
8.199600e-08 9.896237e-01 8.199600e-08 9.884708e-01 
8.209600e-08 9.896237e-01 8.209600e-08 9.906844e-01 
8.219600e-08 9.896237e-01 8.219600e-08 9.907766e-01 
8.229600e-08 9.896237e-01 8.229600e-08 9.907766e-01 
8.239600e-08 9.896237e-01 8.239600e-08 9.907766e-01 
8.249600e-08 9.896237e-01 8.249600e-08 9.907766e-01 
8.259600e-08 9.896237e-01 8.259600e-08 9.907766e-01 
8.269600e-08 9.896237e-01 8.269600e-08 9.907766e-01 
8.279600e-08 9.896237e-01 8.279600e-08 9.907766e-01 
8.289600e-08 9.896237e-01 8.289600e-08 9.907766e-01 
8.299600e-08 9.896237e-01 8.299600e-08 9.907766e-01 
8.309600e-08 9.896237e-01 8.309600e-08 9.907766e-01 
8.319600e-08 9.896237e-01 8.319600e-08 9.907766e-01 
8.329600e-08 9.896237e-01 8.329600e-08 9.907766e-01 
8.339600e-08 9.896237e-01 8.339600e-08 9.907766e-01 
8.349600e-08 9.896237e-01 8.349600e-08 9.907766e-01 
8.359600e-08 9.896237e-01 8.359600e-08 9.907766e-01 
8.369600e-08 9.896237e-01 8.369600e-08 9.907766e-01 
8.379600e-08 9.896237e-01 8.379600e-08 9.907766e-01 
8.389600e-08 9.896237e-01 8.389600e-08 9.907766e-01 
8.399600e-08 9.896237e-01 8.399600e-08 9.907766e-01 
8.409600e-08 9.916160e-01 8.409600e-08 9.907766e-01 
8.419600e-08 9.916990e-01 8.419600e-08 9.907766e-01 
8.429600e-08 9.916990e-01 8.429600e-08 9.907766e-01 
8.439600e-08 9.916990e-01 8.439600e-08 9.907766e-01 
8.449600e-08 9.916990e-01 8.449600e-08 9.907766e-01 
8.459600e-08 9.916990e-01 8.459600e-08 9.907766e-01 
8.469600e-08 9.916990e-01 8.469600e-08 9.907766e-01 
8.479600e-08 9.916990e-01 8.479600e-08 9.907766e-01 
8.489600e-08 9.916990e-01 8.489600e-08 9.907766e-01 
8.499600e-08 9.916990e-01 8.499600e-08 9.907766e-01 
8.509600e-08 9.916990e-01 8.509600e-08 9.907766e-01 
8.519600e-08 9.916990e-01 8.519600e-08 9.907766e-01 
8.529600e-08 9.916990e-01 8.529600e-08 9.907766e-01 
8.539600e-08 9.916990e-01 8.539600e-08 9.907766e-01 
8.549600e-08 9.916990e-01 8.549600e-08 9.907766e-01 
8.559600e-08 9.916990e-01 8.559600e-08 9.907766e-01 
8.569600e-08 9.916990e-01 8.569600e-08 9.907766e-01 
8.579600e-08 9.916990e-01 8.579600e-08 9.907766e-01 
8.589600e-08 9.916990e-01 8.589600e-08 9.907766e-01 
8.599600e-08 9.916990e-01 8.599600e-08 9.907766e-01 
8.609600e-08 9.916990e-01 8.609600e-08 9.925475e-01 
8.619600e-08 9.916990e-01 8.619600e-08 9.926213e-01 
8.629600e-08 9.916990e-01 8.629600e-08 9.926213e-01 
8.639600e-08 9.916990e-01 8.639600e-08 9.926213e-01 
8.649600e-08 9.916990e-01 8.649600e-08 9.926213e-01 
8.659600e-08 9.916990e-01 8.659600e-08 9.926213e-01 
8.669600e-08 9.916990e-01 8.669600e-08 9.926213e-01 
8.679600e-08 9.916990e-01 8.679600e-08 9.926213e-01 
8.689600e-08 9.916990e-01 8.689600e-08 9.926213e-01 
8.699600e-08 9.916990e-01 8.699600e-08 9.926213e-01 
8.709600e-08 9.916990e-01 8.709600e-08 9.926213e-01 
8.719600e-08 9.916990e-01 8.719600e-08 9.926213e-01 
8.729600e-08 9.916990e-01 8.729600e-08 9.926213e-01 
8.739600e-08 9.916990e-01 8.739600e-08 9.926213e-01 
8.749600e-08 9.916990e-01 8.749600e-08 9.926213e-01 
8.759600e-08 9.916990e-01 8.759600e-08 9.926213e-01 
8.769600e-08 9.916990e-01 8.769600e-08 9.926213e-01 
8.779600e-08 9.916990e-01 8.779600e-08 9.926213e-01 
8.789600e-08 9.916990e-01 8.789600e-08 9.926213e-01 
8.799600e-08 9.916990e-01 8.799600e-08 9.926213e-01 
8.809600e-08 9.932928e-01 8.809600e-08 9.926213e-01 
8.819600e-08 9.933592e-01 8.819600e-08 9.926213e-01 
8.829600e-08 9.933592e-01 8.829600e-08 9.926213e-01 
8.839600e-08 9.933592e-01 8.839600e-08 9.926213e-01 
8.849600e-08 9.933592e-01 8.849600e-08 9.926213e-01 
8.859600e-08 9.933592e-01 8.859600e-08 9.926213e-01 
8.869600e-08 9.933592e-01 8.869600e-08 9.926213e-01 
8.879600e-08 9.933592e-01 8.879600e-08 9.926213e-01 
8.889600e-08 9.933592e-01 8.889600e-08 9.926213e-01 
8.899600e-08 9.933592e-01 8.899600e-08 9.926213e-01 
8.909600e-08 9.933592e-01 8.909600e-08 9.926213e-01 
8.919600e-08 9.933592e-01 8.919600e-08 9.926213e-01 
8.929600e-08 9.933592e-01 8.929600e-08 9.926213e-01 
8.939600e-08 9.933592e-01 8.939600e-08 9.926213e-01 
8.949600e-08 9.933592e-01 8.949600e-08 9.926213e-01 
8.959600e-08 9.933592e-01 8.959600e-08 9.926213e-01 
8.969600e-08 9.933592e-01 8.969600e-08 9.926213e-01 
8.979600e-08 9.933592e-01 8.979600e-08 9.926213e-01 
8.989600e-08 9.933592e-01 8.989600e-08 9.926213e-01 
8.999600e-08 9.933592e-01 8.999600e-08 9.926213e-01 
9.009600e-08 9.933592e-01 9.009600e-08 9.940380e-01 
9.019600e-08 9.933592e-01 9.019600e-08 9.940970e-01 
9.029600e-08 9.933592e-01 9.029600e-08 9.940970e-01 
9.039600e-08 9.933592e-01 9.039600e-08 9.940970e-01 
9.049600e-08 9.933592e-01 9.049600e-08 9.940970e-01 
9.059600e-08 9.933592e-01 9.059600e-08 9.940970e-01 
9.069600e-08 9.933592e-01 9.069600e-08 9.940970e-01 
9.079600e-08 9.933592e-01 9.079600e-08 9.940970e-01 
9.089600e-08 9.933592e-01 9.089600e-08 9.940970e-01 
9.099600e-08 9.933592e-01 9.099600e-08 9.940970e-01 
9.109600e-08 9.933592e-01 9.109600e-08 9.940970e-01 
9.119600e-08 9.933592e-01 9.119600e-08 9.940970e-01 
9.129600e-08 9.933592e-01 9.129600e-08 9.940970e-01 
9.139600e-08 9.933592e-01 9.139600e-08 9.940970e-01 
9.149600e-08 9.933592e-01 9.149600e-08 9.940970e-01 
9.159600e-08 9.933592e-01 9.159600e-08 9.940970e-01 
9.169600e-08 9.933592e-01 9.169600e-08 9.940970e-01 
9.179600e-08 9.933592e-01 9.179600e-08 9.940970e-01 
9.189600e-08 9.933592e-01 9.189600e-08 9.940970e-01 
9.199600e-08 9.933592e-01 9.199600e-08 9.940970e-01 
9.209600e-08 9.946342e-01 9.209600e-08 9.940970e-01 
9.219600e-08 9.946873e-01 9.219600e-08 9.940970e-01 
9.229600e-08 9.946873e-01 9.229600e-08 9.940970e-01 
9.239600e-08 9.946873e-01 9.239600e-08 9.940970e-01 
9.249600e-08 9.946873e-01 9.249600e-08 9.940970e-01 
9.259600e-08 9.946873e-01 9.259600e-08 9.940970e-01 
9.269600e-08 9.946873e-01 9.269600e-08 9.940970e-01 
9.279600e-08 9.946873e-01 9.279600e-08 9.940970e-01 
9.289600e-08 9.946873e-01 9.289600e-08 9.940970e-01 
9.299600e-08 9.946873e-01 9.299600e-08 9.940970e-01 
9.309600e-08 9.946873e-01 9.309600e-08 9.940970e-01 
9.319600e-08 9.946873e-01 9.319600e-08 9.940970e-01 
9.329600e-08 9.946873e-01 9.329600e-08 9.940970e-01 
9.339600e-08 9.946873e-01 9.339600e-08 9.940970e-01 
9.349600e-08 9.946873e-01 9.349600e-08 9.940970e-01 
9.359600e-08 9.946873e-01 9.359600e-08 9.940970e-01 
9.369600e-08 9.946873e-01 9.369600e-08 9.940970e-01 
9.379600e-08 9.946873e-01 9.379600e-08 9.940970e-01 
9.389600e-08 9.946873e-01 9.389600e-08 9.940970e-01 
9.399600e-08 9.946873e-01 9.399600e-08 9.940970e-01 
9.409600e-08 9.946873e-01 9.409600e-08 9.952304e-01 
9.419600e-08 9.946873e-01 9.419600e-08 9.952776e-01 
9.429600e-08 9.946873e-01 9.429600e-08 9.952776e-01 
9.439600e-08 9.946873e-01 9.439600e-08 9.952776e-01 
9.449600e-08 9.946873e-01 9.449600e-08 9.952776e-01 
9.459600e-08 9.946873e-01 9.459600e-08 9.952776e-01 
9.469600e-08 9.946873e-01 9.469600e-08 9.952776e-01 
9.479600e-08 9.946873e-01 9.479600e-08 9.952776e-01 
9.489600e-08 9.946873e-01 9.489600e-08 9.952776e-01 
9.499600e-08 9.946873e-01 9.499600e-08 9.952776e-01 
9.509600e-08 9.946873e-01 9.509600e-08 9.952776e-01 
9.519600e-08 9.946873e-01 9.519600e-08 9.952776e-01 
9.529600e-08 9.946873e-01 9.529600e-08 9.952776e-01 
9.539600e-08 9.946873e-01 9.539600e-08 9.952776e-01 
9.549600e-08 9.946873e-01 9.549600e-08 9.952776e-01 
9.559600e-08 9.946873e-01 9.559600e-08 9.952776e-01 
9.569600e-08 9.946873e-01 9.569600e-08 9.952776e-01 
9.579600e-08 9.946873e-01 9.579600e-08 9.952776e-01 
9.589600e-08 9.946873e-01 9.589600e-08 9.952776e-01 
9.599600e-08 9.946873e-01 9.599600e-08 9.952776e-01 
9.609600e-08 9.957074e-01 9.609600e-08 9.952776e-01 
9.619600e-08 9.957499e-01 9.619600e-08 9.952776e-01 
9.629600e-08 9.957499e-01 9.629600e-08 9.952776e-01 
9.639600e-08 9.957499e-01 9.639600e-08 9.952776e-01 
9.649600e-08 9.957499e-01 9.649600e-08 9.952776e-01 
9.659600e-08 9.957499e-01 9.659600e-08 9.952776e-01 
9.669600e-08 9.957499e-01 9.669600e-08 9.952776e-01 
9.679600e-08 9.957499e-01 9.679600e-08 9.952776e-01 
9.689600e-08 9.957499e-01 9.689600e-08 9.952776e-01 
9.699600e-08 9.957499e-01 9.699600e-08 9.952776e-01 
9.709600e-08 9.957499e-01 9.709600e-08 9.952776e-01 
9.719600e-08 9.957499e-01 9.719600e-08 9.952776e-01 
9.729600e-08 9.957499e-01 9.729600e-08 9.952776e-01 
9.739600e-08 9.957499e-01 9.739600e-08 9.952776e-01 
9.749600e-08 9.957499e-01 9.749600e-08 9.952776e-01 
9.759600e-08 9.957499e-01 9.759600e-08 9.952776e-01 
9.769600e-08 9.957499e-01 9.769600e-08 9.952776e-01 
9.779600e-08 9.957499e-01 9.779600e-08 9.952776e-01 
9.789600e-08 9.957499e-01 9.789600e-08 9.952776e-01 
9.799600e-08 9.957499e-01 9.799600e-08 9.952776e-01 
9.809600e-08 9.957499e-01 9.809600e-08 9.961843e-01 
9.819600e-08 9.957499e-01 9.819600e-08 9.962221e-01 
9.829600e-08 9.957499e-01 9.829600e-08 9.962221e-01 
9.839600e-08 9.957499e-01 9.839600e-08 9.962221e-01 
9.849600e-08 9.957499e-01 9.849600e-08 9.962221e-01 
9.859600e-08 9.957499e-01 9.859600e-08 9.962221e-01 
9.869600e-08 9.957499e-01 9.869600e-08 9.962221e-01 
9.879600e-08 9.957499e-01 9.879600e-08 9.962221e-01 
9.889600e-08 9.957499e-01 9.889600e-08 9.962221e-01 
9.899600e-08 9.957499e-01 9.899600e-08 9.962221e-01 
9.909600e-08 9.957499e-01 9.909600e-08 9.962221e-01 
9.919600e-08 9.957499e-01 9.919600e-08 9.962221e-01 
9.929600e-08 9.957499e-01 9.929600e-08 9.962221e-01 
9.939600e-08 9.957499e-01 9.939600e-08 9.962221e-01 
9.949600e-08 9.957499e-01 9.949600e-08 9.962221e-01 
9.959600e-08 9.957499e-01 9.959600e-08 9.962221e-01 
9.969600e-08 9.957499e-01 9.969600e-08 9.962221e-01 
9.979600e-08 9.957499e-01 9.979600e-08 9.962221e-01 
9.989600e-08 9.957499e-01 9.989600e-08 9.962221e-01 
9.999600e-08 9.957499e-01 9.999600e-08 9.962221e-01 
1.000000e-07 9.957668e-01 1.000000e-07 9.962221e-01 
